13 205 163 8
21 219 157 17
21 429 174 6
22 57 5 6
25 11 163 8
31 112 123 13
31 380 95 14
31 423 90 12
33 54 22 12
33 278 163 13
35 164 78 6
35 367 73 14
35 448 163 13
39 182 101 13
39 433 95 12
41 449 5 13
46 158 73 6
47 175 84 13
48 227 95 13
48 267 90 13
53 330 56 14
54 67 39 16
55 158 146 14
55 315 56 14
55 394 123 16
57 83 50 7
57 307 50 14
60 64 174 17
63 254 135 15
64 149 33 14
65 72 146 18
66 289 39 32
67 161 107 14
69 171 28 14
74 257 33 14
74 412 39 14
76 224 22 14
77 198 39 13
77 218 112 14
77 278 39 30
77 338 39 13
77 379 39 13
77 440 28 13
78 303 33 12
79 133 5 13
82 181 118 13
82 322 129 12
83 154 107 13
83 432 39 13
84 304 123 12
84 371 22 12
86 364 28 13
88 403 129 13
90 253 112 13
91 240 101 13
92 452 17 14
93 269 118 12
95 417 39 13
96 311 28 13
97 332 22 13
98 25 112 14
99 344 22 13
102 85 112 14
103 451 17 12
105 197 107 13
108 439 39 13
110 170 107 13
111 282 107 13
111 290 22 13
112 13 95 6
115 265 22 13
116 421 129 14
118 177 22 13
119 168 107 13
122 245 112 14
122 441 112 13
123 221 112 13
124 210 22 12
127 372 107 14
128 385 39 13
128 439 0 13
135 277 118 21
136 362 17 15
144 305 107 44
145 172 112 13
146 398 11 12
149 102 90 12
151 29 107 14
151 71 101 13
158 423 118 13
160 364 17 42
162 22 22 6
163 455 0 13
168 68 101 13
172 139 11 46
173 95 5 14
174 199 107 41
180 455 0 12
182 30 17 13
182 274 22 82
190 137 101 46
195 223 112 18
195 465 5 6
196 92 95 15
203 78 11 14
212 48 5 13
217 33 90 12
228 78 0 18
236 402 17 81
241 432 11 42
247 466 95 7
250 119 90 89
250 185 5 79
254 110 0 89
255 259 17 79
259 229 5 81
264 312 118 40
268 22 95 6
271 337 123 72
272 103 90 85
276 54 0 44
280 309 135 19
287 316 146 17
287 347 135 36
288 383 11 38
289 227 78 79
293 248 84 79
296 365 152 39
301 42 90 17
301 155 78 75
301 307 157 40
302 440 95 42
305 278 73 77
313 44 0 15
319 76 174 48
322 382 78 36
329 47 90 31
331 27 90 12
342 83 78 97
344 22 84 6
345 34 174 13
348 394 84 77
350 218 157 77
354 292 62 89
366 373 73 71
377 465 0 7
379 30 78 12
383 246 67 78
388 394 78 80
401 79 168 15
401 461 0 6
406 46 78 12
410 24 174 12
410 75 174 15
416 96 67 17
426 97 157 6
429 124 67 21
432 402 73 8
